-9.29687 -34.30832 -79.34400
14.53533 -47.04724 -71.34400
32.73097 -54.04180 -39.34400
45.90227 -60.12301 -15.34400
59.93748 -62.01287 -1.34400
5.54484 -35.63095 -63.34400
20.73654 -44.60795 -7.34400
31.37669 -50.28656 28.65600
35.86731 -55.14274 50.65600
37.32845 -54.44088 64.65600
-4.80532 -32.24070 -59.34400
1.90829 -43.22217 -3.34400
2.96238 -49.90894 38.65600
0.91586 -57.81535 62.65600
-0.10342 -60.37298 78.65600
-12.98544 -33.74239 -55.34400
-14.23343 -43.87272 -7.34400
-17.21885 -49.26299 32.65600
-21.34669 -55.83141 56.65600
-20.96928 -57.17866 72.65600
-22.99708 -38.73134 -55.34400
-31.02276 -48.79056 -11.34400
-36.42766 -55.88251 16.65600
-39.13808 -62.21964 34.65600
-40.14587 -64.05245 48.65600
