-1.64117 -59.53191 0.08065
-12.51433 -43.53191 18.72035
-7.85440 -26.53191 54.05811
1.07712 -16.53191 75.41610
13.50358 -18.53191 86.28926
-7.46608 -57.53191 19.49701
-6.30110 -57.53191 80.46435
0.68879 -53.53191 116.19044
9.62031 -35.53191 115.41378
10.00864 -25.53191 105.31728
0.30046 -65.53191 19.10868
13.50358 -65.53191 76.58108
30.58997 -42.53191 99.10405
26.31838 -23.53191 84.73595
18.94016 -19.53191 71.92116
10.78529 -62.53191 17.94370
27.87168 -62.53191 69.20287
41.759823 -36.031914 86.339241
30.58997 -20.53191 68.42621
21.27012 -15.53191 55.99975
18.16351 -63.53191 15.22541
38.350746 -61.031914 59.066635
46.51138 -36.53191 70.36785
41.85146 -19.53191 65.70792
32.53161 -16.53191 53.28146
