5.64789 -2.40426 3.80296
29.98458 -16.40426 14.84461
28.18186 -31.40426 49.99761
7.90128 -38.40426 65.32071
-8.09784 -41.40426 68.70080
23.22439 -2.40426 16.87266
32.68828 6.59574 74.71191
29.75924 -29.40426 86.95332
22.99905 -32.40426 66.44741
22.54837 -21.40426 57.20848
13.30944 3.59574 17.99936
13.53478 7.59574 74.78498
10.38002 -24.40426 95.96691
10.15468 -29.40426 66.89809
12.63342 -20.40426 59.01120
3.61983 0.59574 19.80208
-3.14036 8.59574 68.92614
-6.74580 -22.40426 90.78410
-2.68968 -29.40426 68.02479
1.36643 -26.40426 52.70168
-3.81638 -2.40426 18.90072
-16.66075 -2.40426 65.09537
-20.26618 -1.40426 94.61487
-22.74492 -7.40426 109.93798
-24.32230 -9.40426 122.55700
